Methylation variability	Replication timing
-0.991413774338597	0.427351687664796
1.00290792851358	0.183374770504837
0.508475971807285	1.69945915149999
-0.843538799968132	1.19048599051373
0.149619730424723	1.19643238063101
-1.32146313818938	-1.52448534949989
-0.379540830654902	-0.553012135244501
0.0283771023175044	-0.796658777253853
-1.04583530616546	0.298388785627181
-0.267377983829075	1.55211971808993
-0.0861755214021589	1.09228820955421
-0.419039562302532	0.812474650653396
-1.26000745266603	-1.46368390979392
0.00700839046303643	0.656029714683947
-0.911769390922815	-0.976732216007591
-1.18470639611641	-1.20874519066304
-0.934522529713723	0.351842072613597
0.454526218969958	0.592435481571464
-0.357269708074767	0.560481984229926
0.483146594035327	0.263429079999095
0.767398794889492	-0.14801869461744
-0.275282034914131	-0.226235555068805
-1.1004396438868	-0.241781083941008
-0.92666511772595	-1.08675656866236
-1.19593889271253	-0.312443904377306
-0.439816860098229	1.24605405449179
1.18388544365792	1.4753362678945
-1.09339232792448	-1.40374013335463
-0.666183405663865	-0.811731377199683
-0.492929978732632	-0.210597746282177
-1.00598997716441	-0.269707448404218
0.712736698661093	0.538959401906878
-0.168465370907096	0.655600196848878
-0.692241711343244	0.387282381938038
0.853240288350315	0.192569232230944
-1.19889843960018	-0.806890477498649
-1.11900677568368	-0.823061338460504
0.828876711319548	-0.538036601212678
0.0391879155072751	-1.44567472513393
-0.402596934140314	-1.50608863628429
-0.631564086150434	-1.35147237744555
0.553502633653028	0.677601208311122
0.926875952335602	0.696001125638446
0.87252199737529	1.15286150371026
-1.10449539231089	1.81304161923516
-0.20946968118944	1.77997201637539
1.05575652924297	1.5804975424223
-0.207624564951741	1.38904051160255
-0.333288059131902	0.397927176334333
1.22116763870022	0.41537726483664
0.041644486277232	-1.5332894129563
0.129736901632803	-0.885557334215959
0.38529696282735	0.875613505265122
-0.746559431331472	0.609789844831026
-0.150072999031607	1.2185749764399
-0.925078108613297	1.15367943162617
-0.557396405364451	-0.544532772864098
-1.2443572361149	-0.681954424827597
-0.749094733001483	0.654899511402469
-0.943516327897412	0.710650640582833
-0.742758107631306	0.784306787450774
-0.552600572987468	-0.335034614959742
-1.17928454934047	-2.08218113137243
-0.0346282936845944	0.46743112709324
0.291661025113112	-0.78584454166228
-0.311862613366744	0.261045895566476
-0.607242518308225	-0.67175937625775
0.0539493985077069	-1.79464083440014
0.835512866814014	1.01391487221287
0.556683274080341	1.73832639386942
1.04448866928886	1.82962899085558
0.0889320682165515	0.654728537446096
-1.15209798981134	0.396711819263296
-0.0659562525746728	0.435477726715345
-1.08260368296519	0.252088853651871
-0.272163016642276	-0.814313974117518
-0.132161413719889	-0.704720774673456
-0.939173503615046	-0.675469157130448
-0.170171897095742	-0.589616062265683
-0.773331962179548	0.800824535507914
-1.21545580177118	1.13820452904845
1.93567279722504	1.34873575945556
-0.762844695496755	0.46443778279727
-1.05362972570671	1.97413313522748
0.263287745606795	-0.175666515784451
1.3127916202851	0.178459551126633
0.026389958942002	0.597418843712274
1.78479141805205	0.171678126042956
-1.2706254461037	0.161646496825298
-1.29032940128567	0.252816255017553
1.95961140682419	-0.121851239944349
0.158362398692562	-0.131027565822955
-1.05585429675087	0.868380708952895
-1.00313249952177	-0.141042229780816
-0.208940822740055	-0.12957354197835
-0.155348184720686	-1.88140858319832
-1.05217215415109	-1.2308623417045
-0.309203028086843	-0.156151463383749
0.589562373599506	0.0909192929889597
-0.364390566687946	0.405632752674703
-0.0973081853645138	0.0511890937324178
-0.876334819053135	-0.270163517420407
-1.26003590744577	-1.3129528246132
-0.777240783215105	-1.53516627862006
-0.082072557900881	0.144786257770242
-1.04971946979918	1.32551697213904
-0.818952224981248	0.935876052744276
-0.611580587749865	0.725097867445945
-0.937386491211477	0.855423161693009
0.0983217946105407	0.13909490807453
-0.475981708401219	0.790965004218689
0.103097068088375	1.48039788214425
-0.84332211911332	0.864383294189309
0.806452270061132	-0.0424916782454663
0.518438938850945	-0.128615098357977
-0.926998189459887	-0.82823142084826
-0.791128388684737	-1.87898444317195
0.407588019353745	-1.33097195125725
-0.633053722333541	-0.82417729378772
-1.15354420001655	0.081543203839811
0.658148332549402	0.596924059587127
1.4029953555963	0.811539261323022
-0.562096501580019	-0.583681438286718
0.164168267806881	0.319002325298184
-1.27639832715929	-1.15416130722273
1.29068334111473	-0.77885062969067
1.4342285018448	1.24852295675141
0.109649751403339	1.15390741622488
-0.0955732642194972	0.876498042270142
-0.0313241717706848	0.762100965041841
1.01567333938094	0.292695270833443
-0.860743032674699	-1.33331414878388
0.599966451611865	-0.593509988952452
-1.15666977780416	-1.33416940770636
-0.877811621242418	-0.812562546597862
-0.522957853463714	0.733338994073033
-1.13301950313355	-0.737523785408241
-1.07360149127418	-0.105578481210996
0.837082988603267	-0.206149038965827
-0.37176867521782	-1.01726214456081
0.597237744631945	0.343875608143161
-0.353557132484039	0.628096159274847
1.16361628560901	-0.864947352309224
0.901559701318268	1.10591646036528
-0.0528622853078966	0.718154575222744
1.49859427232874	-0.930539083609754
0.728085227769517	0.153476998586322
0.38371308227337	-0.446363817652934
-0.237135847394066	-0.141677604720402
-1.29365000722162	-0.905545274009358
0.260554691821729	-0.263800172599297
-0.437424331516801	-1.11161301814454
-1.24184980103849	-0.0668872750641322
-0.546512467703423	0.57974733920014
-0.928178765406461	-0.157600493087507
-1.18233125752811	0.816201993349341
-0.455672814355321	0.0229823088904845
0.702560551577423	0.604732697329569
1.5880727305572	0.969687180131579
-0.333861705280697	-0.557371648234697
1.16692712212599	0.694370236618414
1.64623098264997	-1.10978141220154
-1.20481429998775	0.110047088121381
-0.0278270944070925	1.23373981943025
1.3966766324106	0.725628270810113
-0.996682023796666	-1.28618615784562
-1.25531543042692	-1.32847411732065
-0.435584429087202	-0.557248379021791
1.19611118534091	0.0874869451019
1.64754120036707	0.828184108740027
-0.639160636576007	-0.132564597571233
1.11125305329381	-1.41911740293377
0.188608898893826	-1.06901598702423
-0.130113969184149	0.642849550757912
1.17872199004685	-1.88111442799883
0.0264626320616619	-1.35945763461796
2.67083852212722	-0.292349395536018
1.51386660038578	1.44211777966154
-0.525709202152331	0.358351171944709
-0.31656904783917	-0.379180714031425
0.555508151238705	0.51070631956723
-0.0462233262440005	1.36072927493787
1.4417134820097	1.03427391367411
-0.588897756969369	-0.435065667349727
-0.344399128536725	-0.433094262469053
-1.11586439271665	-1.49521310213972
0.304681189121004	-1.27836677380329
-0.0519523051181976	-1.28350597989042
-1.00060730233865	-0.975546751282349
1.33124711451434	0.736491149030965
-0.102904019792652	1.27035880226013
0.0526071811013432	1.35206212849719
0.379490230955399	1.20280594793042
-0.813621108366057	1.35393755809276
-0.758246394966998	0.0529288647830503
1.13743359592558	-0.181104245128231
-0.238334034754669	0.101022817567135
4.55220122040272	0.670665177187559
1.01669634725461	-0.00365707159436953
-0.366338714315944	0.11973840405931
1.13364963359163	-0.206598783430478
0.79804609739539	0.0927405230972203
5.91103476875603	-0.228888549753832
-0.4755162909285	-0.732798371882241
-0.414349586658061	-0.324374708886819
-1.0170361905174	-0.820493275178429
1.84841977624954	0.148296396210831
3.68264294304733	-0.647818360572437
0.0811566415706543	0.195959925237439
-0.940294425291426	-1.55893751598788
-0.335868057770503	1.61262679344077
1.76856158895397	1.8696992706887
0.885274728701071	-0.114640969918766
0.399516494063161	1.11620785905024
-0.584545862782529	-0.107020490089541
0.122853784123394	-0.522991171560662
0.433745133321688	0.141965655830311
0.578555525870766	1.4014316301458
-1.17996380393207	-1.63188823577057
-0.531539666701614	-1.52455060327219
-0.763413038209221	-0.654880750347509
-0.52545761691764	-0.411151044166077
-0.648116567480931	-1.32486704397863
-1.12434364117522	-0.617758087263447
-1.15752659387498	-1.04054300762323
-0.833999446988725	-0.649082789933492
-1.06789083035498	-1.09995519189891
2.1451208021667	1.48994591117076
1.7048323477951	1.19241571561518
0.244706201610084	-0.496714845959211
-0.996103358070561	-1.23514824019436
0.16691852473513	0.0330312098014777
-0.0653725595006885	-1.1354909779761
-0.602511208347522	-0.972887328790231
0.326593871864472	0.291485554834382
0.239463628714043	-1.51172694150763
2.0803268768956	1.26517327794139
1.08940932354196	1.12142368386154
-1.15473139579749	-0.311240180347424
1.82046114956582	0.996091900626285
-0.530696144804749	0.190083336101873
0.0255771849664313	0.639922305351664
0.17206078465848	0.868109906338215
-0.568834708152475	0.188388179196993
-1.16055165295637	-1.35965670556122
0.640916052530135	-0.0147537009508223
-0.855712847322049	0.0931291466657705
-0.0782673374329486	0.51087226982126
-0.376358673511308	-0.581466149152793
0.378653458824749	-0.479761496385376
0.641395692896254	-0.219186334826598
1.42412079187166	0.505328310064677
0.163330076845051	1.35831800435817
0.588742589368765	1.43275466388404
0.357895618504789	-0.379122310710514
-0.634413589123793	-0.558550016258631
0.207003490028156	-0.649315030486716
-1.22282959228475	0.330506041462696
7.31068367607032	1.02869796681263
-1.04472388312967	-1.13423328639806
-0.69104577125659	-0.707345068497567
-1.13313112022992	-0.68063829666856
-0.693413053679163	-1.44244486726619
-0.047939641778791	0.602198870707655
-0.834043278288854	0.58768661744486
-1.07514654088536	-0.532830250585935
-0.420294364318087	0.334720697734118
-0.956561198929429	-0.923487413998242
-0.685639732144852	-0.832715762873404
-0.210923650417016	-0.7893315860802
-0.200119099278747	-1.40479262215059
-1.26501479562108	-0.612811585383703
-1.29995102245106	-1.04449132005517
-0.330192635864595	-0.779924508297027
-0.695145417506774	-0.126707476078185
-0.220758675062508	0.815162027902966
-0.383607631547156	0.60248264929304
-0.860239122286867	-0.271887544239257
-1.00289518304894	-0.387597480043695
-0.887872137740778	-1.44749824184656
-0.587066421714216	-0.690569396465383
0.778715843232567	1.89857841326683
-0.593911987129038	1.64945647551122
0.312607767466143	1.11963792367506
-1.24089387675053	-0.927448676718436
-0.433246671194082	-1.27430383092919
0.691696497104378	0.0681521925333922
0.727871408770909	1.6707252009688
-0.519000867490996	-0.179903383501814
-0.822018865232848	0.492350923952054
0.160292012974482	-1.71665255699924
-0.853169827736167	-2.04177798168771
-0.908175563030673	-1.55379787080843
1.75022136108657	1.64657902088115
-1.0212085821517	-0.270678275316499
-1.16695815591559	-0.072158194473958
-0.72837696909767	1.4737734658256
0.880988619620215	1.85250583477567
-0.416212661836826	1.80500050204105
-0.930523426758513	1.96247665888082
-0.165707718419	0.989655977467422
1.01269866056651	-0.315190973256394
1.44173818450007	0.317251236965482
-0.5164332272223	-0.480051675371392
0.0732718620952559	0.458196668844329
-1.25641053561321	-1.68065316054977
-0.515515195656102	-1.28266657445829
-0.62869961616743	-0.796076191915557
-0.83014434173364	-1.62732285094807
-0.70304856572412	-0.735036078069563
-0.94960659708653	0.708243593696099
-0.818636596364617	-1.78762018288372
1.20983887151298	1.02071409580123
1.85954742633307	1.10729480141145
-0.139582151245767	0.259922337427498
-1.0339158401741	-0.338795506394333
0.712727125854316	0.541695954171541
1.05037367640273	1.50073900523974
-0.600176482798416	-0.155762886810258
0.856338152401771	0.582086580897063
0.216688867286132	-0.677561619143795
-0.116708352626509	-0.18502642334735
-0.851599201401612	-1.63209021227879
-0.574687357360821	-0.408844791703952
1.05964999294496	-0.602213841722461
2.02207945874762	1.57187137209256
1.5055350226799	0.844299907681519
-0.754578037750222	-0.174812781865674
0.174431019870453	-0.164300104121038
0.64902231264361	0.577268672146774
0.417199371549648	0.562482938060944
-0.349685355830318	-0.280835665159591
0.660521476523795	0.0721984109201927
1.02693163247158	-0.435488492099994
-1.25997586544048	-1.57276055838087
1.63824905157346	0.788703336015022
-0.25944785519634	0.212038413937035
-0.146036147295076	-0.41963395967635
0.861544813763293	0.748893644307125
-0.2654398316409	-0.549328937003021
-0.646079755827393	-1.64875860167042
-0.779989840188463	0.554367736186697
-0.816797885826037	0.375144157750994
1.08609866413174	-1.54826690124219
0.177259301760087	-0.47748762746458
-0.571557561832158	0.275868324888265
-0.552441074929704	-0.804578252727898
-0.462638657570607	-0.400652213470941
-0.965217999079629	-0.598854874554453
1.85107768666175	0.210698341180005
-1.27720780233831	-1.68084201452048
-0.276693581197942	-1.4961266101305
-0.278650354866857	-0.300570276060238
-1.18245129379497	-1.29567156864601
2.5793218281977	0.41787309365971
0.672690315010133	1.26222759944621
0.225625079796851	-1.38053155241409
-0.178769619313322	-0.902520004240653
-0.410460444140322	-0.57095414127033
0.0987374611664405	0.469329856672801
0.606634972169749	0.11941662607135
-0.203280789137638	-0.343599141629231
-0.267063585855024	-0.162415589885749
-0.377320516270513	0.512098132489656
-0.605487953676463	-0.691792510783813
-0.782764701621515	-0.740263495354827
0.21832571602827	-0.660222542954757
0.0798901085111395	-0.0914087387532025
0.396644319756008	0.745894738272766
-0.473494226989563	0.306080806858626
-0.140711664974224	-0.855630006059954
-1.26312566117507	-0.165395632485788
1.27395214443603	1.27276451480453
1.92024190236378	0.73148107669223
-1.13783209430405	0.321750951960731
0.208602320500067	0.643157008256614
-0.140533931046532	0.374161262016847
1.758932731125	0.893997468983436
0.00208115141903804	-0.406205375160261
-0.950875453786349	-0.0540146069055114
-0.0451389523906024	0.434622520292248
-1.04290442712646	-0.848117477023461
-0.258050130235527	1.11288184966972
-0.295129755323673	1.6246777266171
-0.388359442314364	1.26778801706091
-0.384719267213079	1.81216187057712
0.801705867140818	1.59183839065118
-0.650235361070288	1.24560310795451
0.854019456011135	1.19288960065255
0.577675080682239	-0.567438565709675
0.539661009020946	-0.683236890549561
1.11529345854784	0.746303201856408
-1.10973762382966	-1.17031831959279
-0.920711050994402	-1.52348310728537
-0.988621655477333	-1.37535267957238
-1.27998972456608	-0.860836125634802
-0.522771127746946	-0.818248894612502
-1.04367388683476	-1.03982397214204
-0.464977933701856	-1.61905688131787
-0.634698817531736	-1.57812792649775
-0.590436619212664	-0.0298649008731802
-0.148352960155594	-1.68701251607887
0.180917007618276	-0.853950904247056
-0.0468919245635652	-0.590571612877153
0.943827582887143	0.865197637686981
0.575479768864851	0.206828629667164
-0.183343424145061	-0.878994880750971
-0.652779977481717	-1.95374227818513
-0.390582845828034	-2.07522171525608
-0.480737929776163	-2.04103663837837
-0.342172155801857	0.418558365111576
0.187466625143996	-0.490175102284881
-0.750014488505045	0.646501446978661
0.353063576841954	0.839574735315096
1.80686209422982	1.48952781461192
0.00471677355920971	0.745269334168365
-1.15077823590774	-1.91453873250801
-0.629005324376809	-1.25935440090427
0.562940074545554	-0.110672225095859
-1.189278895247	-1.29668042186722
0.924340242283606	0.665847069092079
-0.233939429456692	0.857301122337191
0.575440762847933	0.928811838151753
0.451400780801598	1.23100475597287
-1.22138581649568	1.08770120480238
-0.651034022842348	0.157246094598258
-1.04752921619178	-1.66407758469129
-0.178974189725271	0.181257062452288
-0.572390513183859	-0.406967796648271
-0.30216158065145	-1.30372223999579
0.281086917967477	0.992728781356463
0.577646069957293	0.870514480431666
2.76033985875363	1.07790856165064
-0.412061603420657	0.19432461970673
0.341683857722196	0.123407257292857
-0.959525655949957	-1.17608410117579
1.3509561215606	0.509956281846693
-0.898262544965398	-1.64181347703215
-1.30407067486569	-1.57057430707076
0.241217376286345	-1.27345054023664
-0.301675674118892	-0.0960291692218017
-0.387902490800697	0.155270408337375
-0.0662108784229785	0.46749691053568
-0.607835958620262	-0.0420014731412807
-0.0332483412456413	-0.94148971957311
0.252985080208508	-0.657361988459994
-0.907231011765416	-0.300293497470997
0.184857795523213	-0.148921895652665
-0.612112928198997	0.21001857706869
0.303201383843248	0.766011746764263
-1.31299544210388	-1.49167543226451
1.84365349452727	1.22487375083779
1.10775481915398	1.60933400116072
0.240779128511948	0.476560592843686
-0.850073457089779	-0.0201924299406912
-0.679812213185481	-0.383865309049128
-0.2648648719483	0.141667541705225
-0.615281281331504	1.46738134058253
-0.859438879332648	1.15492396674474
-0.172125684776117	0.298658265665484
0.975737303783497	0.964165518143436
-0.285051155936413	-1.26161079376356
0.00833261669044652	0.227806121632614
0.587675208066167	0.58594590586917
0.196449202667431	-0.371332283104394
-0.916661840769171	-0.0361843932630796
-0.72855555106178	-0.710045477085206
-1.16612480333778	-1.33532983213867
-0.159790875429866	0.00190041638734576
-0.404269915814881	-0.360192083277747
-0.424104585168331	-1.17323644671488
0.61103067069614	0.284778148767364
1.18088497187586	-0.129001987464223
0.234720314347572	0.870510274180695
0.1829361492864	0.0157828800291704
-0.67527906353446	-0.328772301951517
-0.906878192100636	-0.419309766986679
-0.704297435550037	-1.06511323621225
-0.528687754118131	-0.421669206033039
-0.539283351114873	-0.22104269145661
-0.557130584799368	0.106753131671611
-1.07271552116631	-0.439693700808805
0.87812879154553	0.19617637462101
0.10071466602592	-1.1742759059309
-0.798597652503289	-0.695567670564525
-1.27380513613115	-0.958400514650973
1.79489587253618	1.71939695515841
0.115775788248452	-0.34116769882539
1.2627891288068	1.52432504053855
0.852614771743875	0.0824535692234915
0.210369763553543	0.332625078294949
0.78733215689061	0.506012849615059
1.22692428634371	0.833716760814547
0.840846874168729	1.38368455078541
1.15901843885921	2.00322394732995
1.81433319432503	1.57369008142576
0.323433304347337	0.07670371414372
0.216126963938275	0.922507995878631
-0.390664005864683	-0.496161144966392
2.34644365277101	0.136290853821501
0.746099942695626	1.25888159590414
-1.20637936248982	1.02459323013246
1.74049220290312	0.990073302844357
1.66325116756441	0.318350742841719
1.24417186938299	-1.30426730095976
-1.17271690095426	-1.30539077595031
-0.387180964895122	-0.542654799391346
1.02359681116653	0.957099351634145
1.34527445930914	1.00398719283084
-0.390595074740862	-1.192809505207
-0.826562401767652	1.72513499670148
-0.501551571225555	1.43002096964612
-0.537389830219236	0.0309600248733574
-0.757122374186827	0.190872914571531
1.36175745699741	1.11111300965622
1.03924387215803	0.316922671137846
-1.18362346847391	-1.84976152443362
-0.985753973552393	0.661189850740746
-0.701517998900566	0.822513576062113
-0.542034799131868	-0.0175881594403819
0.583850454052359	-0.179050623974544
0.93300469164026	1.6633650858496
0.362997942311977	0.815140318112726
2.3048735477294	1.61899925876289
-1.30706565071622	-1.4670348185955
-0.568866319497657	-1.48491513681167
-0.841482275403184	-0.728125425230011
-1.05044819509523	0.03329686423831
-0.590654594258493	1.00732514967414
-0.26639596855898	0.290302905459604
-0.887673766070335	-0.644175402407369
0.658721929134115	0.284134015523575
0.142312117870483	-0.535933717835119
-0.130346277574695	0.256352295001999
0.278726934714575	0.143135220262814
-0.301361424153462	0.497373113280249
-0.596577925247616	-0.500423098243222
0.0787271835936425	0.363809240655404
0.887040636782038	0.174273405439943
0.240508981947422	-0.794289799498832
-0.790418275060679	-0.389524097247939
-1.15805386088342	-1.62474973467039
1.30394242448949	0.560728805258517
0.950555811201064	0.334369873542681
1.14131755542226	1.324030559855
1.53506317646345	1.12085924150328
-0.457622691819914	0.445059319285178
-0.782826965528881	-0.621243127745342
-0.6826927871245	-0.135293872586595
-0.991585626032621	-0.771905357849139
0.326116412045884	0.19715567032096
0.133169923753068	0.563306711617616
-0.350635565940497	-0.444384383753937
-0.0173451664090925	0.111545099216954
0.937776609266586	1.2706707222146
-0.277173269304238	-1.88650399458664
-0.562080404727701	-1.02363761152726
0.889383184851319	-0.105376774878385
-0.763002186356964	-0.746786376817647
-0.0653949641298436	-1.13078808759764
0.965157229614941	-0.662588128392814
0.0878969205490038	-0.206867524715726
-1.2900651015852	1.35661102544358
-0.607174250840102	1.5717193821169
-0.311416800101827	1.50130883820379
0.636199211310693	1.68310958892538
-0.867973481257334	1.7737889742894
-0.589904708235053	1.13895769084804
-0.863792166788695	-0.683269137325709
0.888410677112315	1.49157924092787
0.17709684044323	1.24865140491925
1.29161917547364	1.3204799683479
-0.181040882258065	0.352952438603478
0.0528856213133954	0.237585772736706
0.0387157860801683	-0.310533114685596
0.581779065050558	0.439585282379902
-0.81192410136496	-1.50830969259978
0.618080873798837	-0.275674691877049
-0.43468766345301	-1.11246908738406
-0.264285525098599	-0.396976744048719
0.254685838706514	-0.0724984454334937
-1.1480053892467	-1.46225033364874
-0.68441177666492	-1.63681285382821
-0.838732544483441	-1.52332250627954
1.27912890971008	0.475248326462199
-1.01928233200089	-1.80247893773845
0.689534948139083	-0.67109238419229
0.677978835542765	-0.363969107876782
-0.30130558332984	0.730519287771349
1.7817364605659	1.54375417074149
-0.644240695798181	-0.576676010653358
0.0416468360839347	-0.675271043362568
-1.24645485059863	-0.641869558395724
-0.931263646701771	-1.06783496339724
-0.888696638580161	-0.233398984535083
-0.355734415832917	-1.39713035926183
1.55096759396402	0.101900693860987
-1.18330590724971	-1.52416999634994
-0.588260702280119	-0.131105521784059
-0.403658098652477	-0.262680353969483
-0.837721084287612	-1.70352928688854
-1.21092517632952	-1.62732961341427
-1.02132000349836	-2.02475173638425
-1.21303043282002	-1.26423815106062
-0.150859345061659	-1.12547713525603
-0.772259205461761	-0.255653924222498
0.206878281680312	0.0169703578970145
-0.515209026568559	-0.903159252553338
-0.0108019749029999	0.116426880254696
2.65434763087147	-0.592852849825549
0.987714017182062	-0.851798990017435
-0.838710875030245	-0.692906307475732
1.68920807386909	0.0921991635747249
2.61802047380821	1.02621678005369
0.840751791811446	-0.988963142638873
-0.170793719446137	0.248815813859125
-1.05147475520433	1.37584816308984
0.498031924008355	0.272613872544515
1.21863039127247	0.874485414394417
-1.317251698188	0.623385819829728
0.235223154175724	-0.00662833665776377
1.00267285057169	0.973996995880477
-0.239967353121081	0.00721485496979331
0.0664155620247646	0.0422139007438004
-0.267073206509476	-0.454335903390671
-0.999590697996583	-1.92996536286408
1.2024036119623	-1.26474301616127
-0.0781473112475827	-2.07162013020671
0.563804142509583	1.43097776550997
1.12235911080563	0.433624783002457
-1.15324394811487	0.278029317040512
1.3997125606555	0.520922832108606
-1.25974771899706	-1.27164184719606
0.956292019643047	0.194635800253689
-0.92188884273479	-0.184104509901641
0.269007054552313	0.519358531031557
-0.522797367778005	-0.111781341969826
0.121438375627135	0.0211844764498459
-0.790823871075058	-1.85547236361202
-1.21439089701188	-0.520912034168141
-1.09676073557663	0.784674111320394
-1.02821240892037	1.35235399394436
-0.783854346473308	1.33792463746167
-0.109841669159467	-0.378654852475077
1.59218506371429	-1.14687036821648
-0.718763389357912	-1.42493389362687
-1.10420016382781	1.7583117872689
0.434521820102376	1.89153187875918
-0.733221804153582	1.61195126535515
0.137246036162098	1.72448375008129
-1.00235346408685	1.51176175215782
-0.578183755225352	2.36231839142143
0.668136006586125	1.67149041218136
2.24548164091674	2.0236403399788
0.562125077067796	-0.333891554750749
-0.355136451041623	0.84208706824129
-1.28335838273586	0.694918339969108
-0.650090798983758	-0.406207340476732
2.89976202447023	0.871954197471895
-0.7179283948227	0.194730868045163
-0.750140356343514	0.836638694452931
-0.785775710987848	0.0498669177360011
-1.09294370485742	-0.757377720493407
-0.294540399975502	-0.158884305767662
2.11294826672581	1.15235873215026
1.1823310621372	0.00575246409361131
-0.699514007586847	-0.531178137565385
2.02356387645657	0.581989633432842
1.44410029435599	1.2307041893447
1.10211605732468	0.437407163115421
0.522166567663166	0.554623253792304
0.202784088720165	-0.389857412364703
-0.927216105999804	-1.45804748595867
1.75591998358554	-0.0984875181649029
-0.053562904222675	-2.02233042277437
-0.485781857849383	-1.03468323056413
-0.0389468921959557	-1.16558587587481
-0.827282711819083	-1.57809525491574
0.284778820240797	-1.77308571556089
-0.747558528164856	-0.589598835137642
1.25611544916241	-0.220451031081323
-0.367163310133082	-1.78164424776982
-0.639506095735298	-1.88356643374199
-0.72007194185804	-0.0984328003626185
-1.04254595678542	-0.702529164659638
0.486642701256168	-0.457841226263051
-0.421102415746025	0.174901758461033
-0.193217989045442	0.795353581145628
1.30701032350078	1.32535377803184
0.866243011410577	0.20605348272364
1.37738895789918	0.0824305324701471
0.438215089663647	0.258808210235116
-1.26280283323548	-1.38648853187609
-0.797508253573831	-1.10373694502702
-0.597600604392647	-1.24519875363172
1.77631934619836	-1.99399915101279
0.131333611899598	-0.821517962864345
-1.1600535497532	-0.00689789269227128
-1.01203185128137	-0.111148452586216
-1.27048876349887	1.85801388642279
-0.903815470679965	-0.625756197662649
-1.14745514240302	-1.59903122946914
0.107358739666099	0.520645682921495
0.0496763693456195	0.0716952238431711
-0.663859390277888	-0.963703797428713
-1.00907190229708	-0.762754827644806
0.838726344363347	0.21211291489892
-0.722318072288402	-1.10707812023629
-1.22723692017053	-1.01809077738599
-0.56501809483527	-1.59779955516737
-0.642477196495443	-1.42846968288908
-1.26573537896052	-1.66762229373842
-1.23386335729749	-1.85061759130195
-0.54714562404909	-0.92773321818979
-1.28206240409689	-1.65324048290571
-0.497016231926046	-1.60872054843542
-0.779803191596204	-1.69557229700957
-1.01316779386824	-2.06842423670549
2.34974155174734	1.51416727777312
-0.299486332231222	-0.227304408417925
0.822395366295561	0.0958884722508475
-1.27548595414628	-0.670972216008449
0.506094641199649	-0.347868984486088
-0.869694070656415	-0.936131736802746
0.0418124810208133	-0.285630740373128
0.108063271148727	-0.0689502772805374
1.72947672933386	0.426704994208775
0.768683667624408	0.374430452396826
-0.434151910420179	0.485462857023089
0.479706622268673	-1.54811795026726
-0.0816800972051399	-0.849397749518942
-1.14234074699509	-1.78442031322726
-0.741876719494719	-1.24384494131187
0.5669277305201	-0.391694148579723
-0.219433144743527	-1.8371033168724
-0.638076950391309	-1.6522870953846
0.465129180880719	-1.18742132099854
0.0652093158416591	0.639062511812622
1.77540373520144	1.34341041268344
0.944953378960902	0.654495000482568
-1.09288187950518	-0.556698464870619
0.600274996102976	0.464452532011855
-0.610460721218423	-0.215966527544342
-0.139212448274631	1.45512804534226
-0.0298288004679865	1.57628083318791
0.0497311010643684	1.79470075594059
-0.568205437396897	-0.9108424459017
-0.191398632252611	-0.821608147400849
1.46086923961584	0.0348993541418364
-0.0640882497367051	0.511653453153829
1.83260945521627	0.95323848301323
1.39821693399858	1.25628474536273
-0.581141050394021	-0.685688201063924
0.873397732200595	1.39551764664263
0.520740798382941	0.834597941798324
1.28400167242954	0.714525528473609
-0.567662786143887	-0.100222627279622
-0.0711062649035085	0.943241965976307
-0.217223573303379	0.495191257168598
2.10841187200163	1.4962280113741
1.07441468829597	-0.602141648670703
0.157465826091747	-0.638930011507771
-0.852160242349592	-1.27762312904168
0.496022271581826	0.537794879260556
0.256239213025099	-1.11167056861407
1.89149546856046	1.1450876746464
2.45353402269779	0.825024262541525
1.16100932906204	0.984031640189102
-0.572485916164544	0.436240038241076
1.7180093478372	0.676020150805473
1.49754816685194	1.21472990503586
-0.885157855291137	-0.339662332462178
0.676675867965778	-0.254768924526874
-1.22335120440235	-2.04839284601333
-1.2752225945313	-2.17910767966219
-1.25153562838834	-1.86885535655598
0.107372064644129	-1.89624144219047
-0.412882933487481	-1.88792683269134
-0.891582958110109	-1.56356534272057
-1.29683761536495	-1.97050803587449
-1.27997628406728	-1.31012542812395
-0.68726413957164	-0.622074501231492
-0.65493607694049	-1.47288970598423
-1.21761130580718	-1.46959992832678
0.675849609482407	0.716762408593102
-0.458643577966125	-1.52779601691525
-0.238183729275554	-0.0237370110699501
0.43092556484026	-1.34001848626806
0.186554926145298	-0.681407301588108
-1.18172008669052	-0.753421448530254
-1.0383718249456	-1.39858526017665
0.891683087289396	-1.19800194940482
0.731303447655027	1.03447825671239
-0.620685301100997	0.756428027488597
0.84842599256572	1.32939874929139
0.41796922219633	1.84060681864411
1.32622792273141	1.33288444800584
0.837844771305558	1.34202465846209
1.10894141714486	2.16371807009863
0.667512390216281	1.26296207846893
1.0472107110165	0.730523633139769
0.524455017224576	-0.378442151238393
-0.863919790320474	-0.943952548251242
0.0838339806226384	-0.293995641961577
0.0465052159186108	-0.805371943042893
0.461515127331354	0.95258136637346
1.46618293410651	0.449829789689578
1.37219903987688	-1.1680143566954
-1.10617717489247	-1.58947826120266
-0.924407323408651	-1.60872982874979
0.254472247347038	-1.57847723262965
-1.10566562453513	-0.602155485706487
0.19360680872676	-1.63094649906944
-0.0770909025080613	-1.30404782872714
0.831995013231809	-1.42062198297383
-0.766685023077196	-1.353663499051
-0.654732773125583	-1.17835985819152
-0.114715770537443	-1.81254888388039
-0.566102005494261	-0.380236752244004
-0.851533124512782	0.282607820660497
-0.166177344354012	0.416969989169317
-0.428736911664369	0.476991489431809
0.340315743785829	0.744611649194538
0.108824559300776	-0.343121148419959
-0.833829459513942	-0.954215239993114
-1.23396921734397	-0.2674552920368
0.790986966175969	0.853220085005865
0.41252448048085	-0.0821104789593667
-0.587028170121993	-1.71893677092879
-1.12192512187992	0.889523657067228
1.06607084626338	1.23271936736367
1.1023995786631	0.612949367293285
2.34949820136593	1.57447985037193
1.0719059388407	0.962071924777593
-0.449820872643043	-1.37885839024774
-0.610684021293537	-0.601598630372333
-0.924827436136941	-0.804785637659338
-0.148239311401556	0.803552216406623
-0.5060923553696	1.3357153257568
-0.288562205168616	-0.280265736559
-0.993891082979712	-0.572706473655343
-0.620585193619175	-0.756201663301752
1.30468113714735	1.30559965856459
-1.04320204521457	-1.23053806762525
-1.30485001070409	-1.39283654192383
0.433567081086843	0.0774990588270025
0.0902673236650726	0.0339828728317537
-0.245596586769103	-0.620752419161263
1.87537810069805	1.17824999247097
1.56407079623057	0.113322622247903
-1.12289098737339	-1.06280397420774
-0.709639382939435	-0.784734929223354
-0.316320032523012	-0.238341080879269
2.10320148060335	1.47229416207722
-0.637494011631995	-1.30067501749675
1.25253437967939	0.909055654078562
1.43608581054755	1.27120634571562
-0.427532038995135	-0.174842368239218
-1.05684349186377	-1.55785856909208
-0.341617020377494	0.194504220547338
-1.19311230355085	-0.43213773058586
-0.524120395361877	-0.777949879099751
0.111131321336657	-0.428828340012397
-1.26350857750724	-1.31287661811655
-0.841138081539694	-1.20479159204457
2.36503114935979	1.72948117679851
-0.308810537921534	-1.18549910292558
-1.03525771757184	-1.89381288789161
-0.993385404723328	0.0211660077317467
-0.752524836526967	-0.46845611561883
-0.405611503748547	-0.44897554413054
0.637386978775211	0.474228949239895
-0.504976132261356	1.44713570620951
0.613099664898504	2.05164299069003
0.957289120114155	2.537644376282
0.192725018722154	1.25222699518328
-1.29905059313347	-0.808344055036506
-0.32755057989863	-0.549711985636025
-1.1699809848019	-0.389255753994615
0.940524594727056	-0.532476247521438
2.03504355006134	1.86497889824562
-1.17448761075	-0.998080572960415
-1.22478018188301	1.07687298778606
1.08454153331108	1.2963960591902
0.663211291594085	1.15493666773677
4.59358337568532	1.03193905335844
1.44009888207263	1.72818521581011
-0.0227843923384933	0.821831358006685
-1.19488128861418	-0.605933450163623
-0.684507966886415	-1.19268624697061
1.71121529017575	1.60848454596726
-0.682099624777264	0.845617048499001
0.0416245190871432	1.57501859943548
-0.304966623243575	0.690393973531805
-0.537176184909515	0.333550544380002
-1.26046818065863	-0.508254220432019
-0.487385642929136	0.187330120829525
-1.094515040744	0.118160773806735
0.119696358591227	1.04659962242203
-0.87318700906646	0.164279504445091
0.740145637842101	-0.436739583869202
-0.753475822641346	-0.00558363390744037
0.220815336951599	1.37792951858162
1.53578135917734	1.50125894905134
0.38316181196555	0.503766592432206
0.321483528974988	0.273793319260842
-0.789027990992525	1.42075782884131
-1.31750876408322	-0.709640642051022
-0.685375523996473	-0.679130087683423
0.275504980226396	1.79459238128227
-0.745627003768308	1.78189479392292
-1.07894622394001	0.0615970935117547
0.66213955173472	-0.0030582345388317
-0.896724279835616	-1.1967818008952
1.3330375589407	0.91754544631007
-0.163349143777053	0.309951311801278
0.641521419248545	0.540413490291169
-1.06691283800001	0.134030965418684
-0.881715324739122	-1.37011189029267
-0.506382933073458	0.640451928013512
-0.0214909832231069	-0.104125833252058
-0.515801809198862	0.00309442021242468
-0.370581006684112	-0.889315845518575
0.254591289809899	0.29026325138993
0.205412213215684	0.468657815062411
-0.634011558721359	0.178733560010182
-0.939922768189767	-0.226292690369664
0.214057325004141	0.021808783444489
0.416981305855362	-0.294963699827983
0.529940582956105	1.3200206708583
-1.1786159590133	0.84807652200336
-1.24607668521266	0.351052419336472
0.277842575629664	-0.261579204298653
0.408342921721828	-0.587713663656011
-1.18467569201327	-1.72504535211687
0.456071044416837	-1.18195413376387
0.671356597465549	1.26676636370856
-0.427758443420591	-0.800565971275228
-0.139683054346774	-1.13492022341856
1.30721036360287	1.07547770172282
0.232038681970062	0.634819463817086
-0.668116288277623	-0.570345837708243
-0.581517425963115	0.393739762792802
-0.965642272465535	0.246590167129487
-0.644332084150736	-0.130480391809649
-0.654317718328713	1.68320586264951
0.204007763126031	0.674281561735901
0.717998115110708	0.840328624034743
0.957146317997982	1.39013291543524
0.0212178018054805	0.952087891739863
-1.23279160078595	-0.096759833076215
-0.328349491631924	-0.925181498002186
-0.357855567766652	-0.924486478661734
-1.1707306943147	-1.63140905714279
-0.583779276753178	-0.0781845087459679
-0.616541076705786	0.258853081749647
-1.28196600479708	0.612937357707337
-0.853372791159079	1.14281314128146
0.0858010458696207	0.646635169235123
0.714328481945311	-0.580864051259336
0.290499448347684	-0.273475704909424
-0.721928137129815	0.0666007405777242
1.36136392894077	0.479870739320425
-1.31443044283366	-1.35146718767051
-1.15224559964199	-0.565753441170753
-0.324824955629245	-0.550246400293466
-0.799244316329984	-0.0542280287102469
-0.547742980962988	-1.53195843210646
-0.423998224835782	-0.986751175777865
-0.710416830826292	-1.06835853615965
1.26759741697375	0.312935863071771
-1.0131258313225	-0.67545166327991
-0.23061618924304	-0.863912355416649
0.00234453613586127	-1.44146758371749
-0.667336991776869	-1.44725246242178
-0.81016103871464	-0.893054170580449
-0.754542064776437	-0.519763276398607
-0.564861202538752	-1.57909371129087
-1.1161580648204	-1.45472110379118
-0.912501631809767	-0.45163887154234
-0.0521784755194226	-1.61357763062538
-1.02740034376136	-0.494334047281106
0.621556326674613	0.272415203896782
1.60266823955165	0.59521790682596
1.25427190257429	0.028562423916946
0.273940178349897	-0.853255128445553
-0.363204030805038	1.34584770659374
-0.830248293747455	0.23570205106335
-0.626171109196359	0.542686816166789
-0.114189448005997	0.942411931156398
1.50090868466213	-0.136486223327865
0.866842574586002	0.0385420380796972
-0.365156638359092	-0.468158496956622
0.967998410050114	0.628262565255394
0.730161589273608	0.749252889109841
-1.01238850693038	0.105410289571675
0.644268737437647	0.503544736626464
-0.594773523992652	0.932823788885095
-0.905105861228522	-1.58358185580852
0.0346300591012086	-0.91672571662766
-0.374238910697426	-0.763456158317935
1.16175927252486	-1.32586044750848
-0.987291998626303	-1.30195778615558
2.14361862238833	0.47885820732813
3.2456084718477	1.02402093156994
0.296590166821361	-1.35480617956661
-0.682920133755261	-1.64989950962867
-0.53986821026991	-1.39588444162931
-0.915026269331536	-0.702366516509891
-1.07669948555616	-0.0620586271483577
0.523483028886492	0.04601654533269
-0.110518703346938	-1.42128801044409
-1.0220965338499	-1.29935743826963
-1.32324022824645	-1.67698965772604
0.200080283731822	0.76685089186486
1.47032816533693	1.06695110962822
-0.0666604774037741	-0.305961848658963
-1.29551441758836	-0.119310003088782
0.333181418094857	-0.51042758758433
0.279331472227416	-1.12578735116661
-0.393977320296859	0.322582029421683
0.567962042999151	0.877462999472944
0.621057394943879	0.656249424660329
-0.467424826965638	-1.79130493454082
-0.819629116764445	-1.12063316048063
-0.771950348801188	-1.6859347587843
-0.0470866740407282	-1.82534661173088
-0.537077146137584	2.16301965427158
-0.222516619976568	1.57007474538931
0.0732366401299626	1.42530855579479
-0.761393795282798	0.701973599604552
-1.14838703289045	0.0144342061885787
3.0012084585583	0.433461947655885
2.60033054058383	1.66245655455418
1.02089465839462	-0.316731434847911
0.27191550539312	1.04543449273318
0.231494403534762	-0.071357529123982
-0.13462691304158	-0.562845877047317
0.016230752251567	-0.952692295254946
-0.0601570372639149	-0.712625207504301
-0.601098442414347	-1.48901764941992
-1.07368199999927	-0.9245048729497
1.91398164042055	1.16307113147065
-1.21647263870671	-0.847631577074646
-0.781985949417371	-1.90178669566894
0.256419218509322	-2.00581125853481
-0.0378752945190917	-1.51987238633467
0.168902731817739	-1.57537106285668
-0.450908491439124	2.15625746092035
-0.00543330234220693	1.04481965074145
-0.480723398635202	-1.14831686497023
2.10723644916488	0.0235905736542773
-1.09399530428869	-1.45528731083642
-0.366447056253574	-1.08571009858029
-0.180264255384092	-1.19405825239611
-0.490224466700031	0.275172706120635
-0.618131161493766	0.210273727905482
-0.419342681200421	-0.688761330170351
-0.910934874991208	-1.24393114052481
0.48127664425525	0.10340928552085
0.681361693488538	-0.863719604868658
-1.17943485783009	-1.12257672958223
-1.04359494540188	-1.41247816473302
-0.166396281674898	-0.569402190472785
0.795128318220752	0.795844988195183
-0.89754051153682	-1.63259327470707
-1.07062829331205	-1.03449802297573
-0.514617663315417	-1.65850914415223
-0.294680589035121	-0.700577103390998
0.393931853975624	-0.545605264689095
-0.40095060474785	-0.722766769176521
0.241079515111549	-0.612217028276131
1.20474076309314	0.85702393398643
-1.11441102594539	-1.88282157763661
1.35958624363467	1.96231357402617
1.17008188858366	1.76907013579423
0.810181098327901	1.45150233803477
0.66004817670857	-0.815924056418148
-0.512955310283751	-0.632881108662927
-0.732826154415734	-0.0816110869790872
-0.404596928593229	-0.37951683717232
-1.20735798227452	-0.411347741882084
-0.438364436082394	-1.84837881801313
-0.805880929201923	-0.84100459363448
-0.644183631236871	0.403722548679956
-1.08262450345746	1.21995167276891
0.428861710868105	1.7063710664785
1.12202774155833	0.954698390131031
0.597630736106268	0.76243942412561
1.90056757383041	1.25963200400849
-0.212406667409678	-0.237902657109544
1.86877373358799	-0.169798486891633
-1.16879324081991	-0.943414017248523
1.17496003067907	0.929269839152592
-0.81687140398092	-0.544375941086125
-0.442703521465584	0.018533911989312
-0.4235822465622	-0.891148076254715
-1.24377628216222	-1.77207213441852
-1.30056470950158	-0.609538161971534
-1.30637411096818	-1.73713866603006
-1.03972739437038	-0.663537638376669
-1.32376164462749	-1.50234404877469
-0.478957263511547	-1.93244040168003
0.0186291719225397	-0.168033057181264
-1.09394000798319	-1.65795593332368
-1.00453733598491	1.36559848753347
0.0796525836155824	0.650551161027101
-0.394068814160017	-0.48632026863025
0.100992415543518	0.417712011823355
-0.741642859415969	0.364759569837932
-0.552329849414892	-0.158360753932548
-0.190648219657497	0.376666154654948
0.730464181368011	-0.210283184165316
-0.95438561871652	0.0648373676435603
0.758837905006671	0.837783955772669
0.654156102459752	1.03883968953847
-0.413714714764339	-0.960417316588594
0.455661069501944	0.164378620148314
-0.513892846288335	-0.40138568381886
1.01528081797414	0.805134645035655
-0.352283799636175	1.07369645089123
1.21316402160073	1.26761148928273
1.11303595073408	1.05448175270192
2.00913961894286	1.6798043756931
-0.294031170730932	0.974136604494625
0.555223162677025	1.68422537482782
-0.0170176926476831	0.825877109460291
2.00049224728029	1.81006337274732
-0.687169558956073	0.407896908494498
-0.308143313995651	-1.40826176445183
1.4122012579468	-1.61859220712708
-0.756597961052186	-1.1673521973845
1.56168979289902	1.00058187420084
0.467090346429309	-0.310121584438234
1.09110196557206	0.618984230938737
1.38388450044245	-0.821844282945818
-1.1712763189533	-0.882613972385914
-0.245165518067932	-1.13948378864061
-0.203813716374953	-0.676052724230481
1.73212659317731	0.855649895464336
1.17793893957655	0.287801365345193
-0.482808666808585	-0.163915027870641
-1.15194608420261	-1.20664963246845
-1.00501950226309	-1.7417073364173
0.744174952493126	-1.09454606427857
-0.860329948549798	-0.420504730380725
0.518933647092565	0.566199769963562
0.112941944942164	0.72313487147716
2.00451001380566	-0.220633934002334
0.318630018504866	-1.00152146281789
1.49433429558931	0.589259955643801
-0.169163379147424	0.470855533353974
0.3488623304669	-0.862080660483395
1.61328606578264	1.2120440139068
0.0854789512307253	-0.961159165830669
-0.417799525127207	-0.524149609728293
-0.568221054799505	0.479168530670092
1.31233367672812	1.07104878030433
1.55814118589334	0.769266109044389
-0.952467269994051	-1.80127085477762
-0.190283583812808	0.0269018855598019
-1.17082259232276	0.187121234913738
-0.629118236088267	0.892390123034836
-0.456964347620486	0.449342635589307
-0.228246911197168	0.0353794086565815
0.726918881081012	-0.651296645530705
-0.929115310889246	-1.74366615229139
0.0878615553861785	-0.905955394554743
0.37182065689454	-0.841956200733389
1.49963886686361	1.84687713384861
0.337888672949468	1.05341313125586
1.36995160398483	0.345690094918307
-0.937983561592569	0.371138012453226
-0.310820433436709	1.03724453726268
-1.1404920479136	-0.166463060992698
-0.880649093989275	-0.129691304658606
1.68375660421873	0.969178453502399
0.554367228246305	1.124715600058
-0.852162951815712	-0.654116900078682
-0.699418199457023	-1.60409361473628
-0.982010962008489	-1.48171424749444
0.332682995644958	-0.194621479493965
-1.18548312868458	-1.06696670745524
-0.678452271404474	-0.430533680457641
-0.851050975689291	0.15761658595312
-0.291189073015652	0.230587547779391
0.166301793660355	1.21926213521558
-0.176610333626066	0.607461270409307
4.05735500907095	0.331547834870846
0.879228166658961	0.407835465858977
-0.644857969945575	-1.78090356922566
-0.358706252234425	-1.14408473315265
-1.18726771786892	-0.281284580712971
-0.966449176502719	-0.157965510932524
0.880699532546929	-0.156465006437334
0.137582607092508	-0.484943610739542
0.928818122261427	-0.70235208587406
-1.17362840988437	-1.95101585200115
-0.193028038919117	0.568271076518965
0.375783118903816	1.04981778169606
1.19053563545059	0.111001439030689
0.655472865612045	-0.53965962079681
0.0410022016486877	1.4825680193805
1.57396745336863	0.291489586055676
-0.28520637341217	-0.220986795472263
1.87545267749485	-0.296548783228954
2.60946788874236	0.222092032056867
1.81224873026107	0.77298952966704
0.888609075241638	1.10953174523761
1.91691624631638	1.4228801319635
0.271124709469638	0.803889492426387
1.32021536546954	1.62572463640658
-0.992527629243141	1.88287065756808
-1.02745772484991	1.61902272900947
-0.161514862703127	-0.0780334794383626
-1.22309784053078	0.413226433890568
1.13873528908601	1.60474720570973
1.27508738246501	1.68114037388166
-0.439554309482427	-0.0788954821646409
-0.22136966254445	-0.532484100141184
1.0110610158711	1.86408223731921
-0.663592716644515	1.42308909808162
0.250491502768212	0.182631295156715
-0.828775540368198	-0.811660381431195
-0.838561337383623	-0.294974686676671
1.53226746152772	1.71455184929995
-0.290880342131938	0.376809701587133
-1.26275618057154	0.965462689824441
-0.816823280374477	0.988013277949093
0.675751398658679	0.629723874843607
0.82864150314377	0.69130128823866
-0.636994374044769	-0.743196326555503
-1.08508630414508	-1.86156967902036
-1.24913248963809	0.820567765638668
-0.862996908584098	0.125840677538187
-0.725641967240329	-0.435048309393653
-1.12165544260709	-1.25516883234426
-1.11880668254524	0.464527411815929
-0.713978807482953	0.980716800916498
-1.04427875938725	-0.145697958669129
-0.649632049111096	-1.46321237113906
0.00737970220829758	0.605879085104281
-0.485471587774747	0.552019423569618
0.0874862442976086	0.450686738663048
0.794311212708173	-0.339498531978839
-1.29559843207304	-0.681432697284645
0.248416905488416	-0.436941517810629
-0.511505005021326	0.0183842215242297
-0.778106534442939	-0.260485642523584
0.710751215506834	1.85068082295827
-0.207192773013912	0.217491800827287
0.452103322819309	1.24857399427643
-1.00738915311584	-0.203442186289317
-0.308337630803459	0.114191322170295
0.00543882466404897	-0.345941268613224
-0.554661790193675	0.196706939840471
0.214006404433623	1.46896425396331
-0.585659335522271	1.68248175054002
0.861644540845546	0.228517947650066
0.338370761867673	0.480419063689271
1.60178925708228	0.197209884756511
-1.12533551581461	0.245018820023554
0.458268360634723	0.548135820856557
0.809377087965366	-0.0466530709625991
0.92651991070543	1.50082759969808
-1.21763114767857	-0.927760634549736
-0.157275015371487	-0.23444058645493
0.445094123258376	0.998600857436045
-0.865423810785564	0.320844299386879
-0.6774093648585	-0.871827653280388
-0.61221812481813	-0.773078444938495
-1.18495724141148	-0.462639704056204
-0.707284318587091	-0.204437499142276
1.20283806951545	0.488469095294035
-0.182657684239793	0.505550448277941
0.870994112585063	1.40363278099641
-0.0228166365694908	-0.335340699829345
-0.17552153309134	-0.0306053767571842
-0.918260377682669	-0.294275847899764
-0.550781648602759	-0.392607556284286
-0.24676648736866	-0.624002615290408
-0.0505194553248541	-0.00575784498730273
0.808558410467067	0.364299008185373
-0.91470430944865	-0.209075404089275
-0.1770083887153	0.562371029974277
-0.676385669322202	-0.121391909729232
-1.1975379674465	-0.936443780557017
0.803798604851426	0.536317133143982
-0.701231288490795	-0.282769377387488
1.19876760260312	1.04681109414406
0.991060384605349	1.45304133426221
-0.0605644575972093	0.78283185388557
-0.21020663557907	-0.399783878706221
0.905972028438422	0.330416980912529
-0.654626460258863	-0.428882154811204
0.465527068926984	1.37745740880702
-0.267859720562262	1.06818122387245
-0.152478243034566	1.93583745335422
-1.13342253907716	1.45340281897893
0.43330974130053	1.63208001639885
0.638178897866289	1.25815637190708
1.3033306705356	1.738245213232
0.803933983755958	0.705097069027749
0.894153887461477	1.22675648144166
0.163854411545796	-1.5104279714541
1.02769385696538	1.41523344727889
-1.13515184836692	-1.50088875276905
0.12871443945226	0.33657553064851
-1.30399172574767	0.496300889699437
-0.277460334117086	0.824989796381131
0.560613433393325	1.29642325871751
-0.00268340667398646	1.72699145807955
1.0695493156921	-1.16584452145112
-0.834451164080978	-1.18023672343258
0.340189810394392	-0.655761208597291
2.03072513141168	1.64655151993569
1.64626328842615	1.04911998589658
1.79800377146312	1.08585499036355
2.26819515836301	0.0893463909905242
1.96997741340458	0.964088650170532
2.57820794982237	0.156453325301575
1.88910496690986	0.749446218826523
1.83698598538835	1.59726263207062
2.12113150996146	1.875739917485
0.732053284977678	-0.441184316717313
2.61329455617328	-0.755063304674472
2.16377914425401	-0.68803031621614
-0.525153942104096	-1.28077237901592
0.738585866189104	-0.170845721543785
-1.26484561200529	-0.254078384244179
0.518157584751508	-0.821493121900886
-0.887299135181039	-1.86347594015541
-0.471136939131225	-1.44259846961083
0.297902344716806	-0.35365404219868
0.269794118720763	0.200556889527101
0.981549305198492	0.939522186671511
1.94911706359614	1.50219238863591
-0.516454813064498	2.25390719241032
-0.888879342668554	1.49799402588243
-0.292203874961454	1.26335773798117
1.28383144661236	0.953207294967243
0.080474227805019	-1.88584059294168
-1.1735476457586	-0.809915577168527
-0.699782042004965	-1.46797131303235
-0.86066942215991	-1.4739961466541
-0.254046989835852	-0.950528843610575
-1.27012820355126	-0.702495895257517
-0.147827118262412	0.137855658651963
0.20158043248173	0.273104403656399
-0.613995231567468	0.140860292748432
0.764332955333549	0.999615262698003
0.0222385455516135	-1.62604924378561
-0.0955556804673971	-0.333636484029267
-1.00617590617593	-0.71080719051762
0.319724426026333	0.32465525720172
-1.27375350570308	-0.683320941439028
0.896730932218704	-0.613541418366323
1.27158026380768	0.0110152689885284
0.729726112669382	-0.605687010695447
0.287840911486227	-1.93733341154867
0.0152379074983081	0.230637485586402
-1.19299936476446	-1.34493560544522
-0.972834486097389	-1.3592057757858
-0.464288653853459	-0.41153437913454
-1.11871289146935	-0.218115297504514
1.1336377940268	1.2742934400581
0.84525494260952	1.04249467778222
0.256698425002125	0.943141003618513
1.68046963201899	0.85818413688541
0.052510990426828	0.662292071114184
-0.846226412668303	-1.03201581924715
-0.783304753848312	0.192433966399272
-1.30512950903599	-1.68686557946385
0.867313434693033	-0.442525259266525
0.347338783238497	1.28339569788408
-0.0712312072004123	1.61227236476565
-0.0993087449356977	1.02422856537679
0.221832266272371	1.2347754484808
-0.696731185725647	0.040265834990234
0.373809844307038	1.02907121937769
-0.105105580917824	0.0268921081846427
0.752804612792366	-0.144820521562928
0.903300601347526	-0.740147234118334
-1.27178972939829	-0.661871726564458
-0.74793423619662	-1.22898117611365
0.336248304322894	0.574766227668427
0.661611565401424	-0.934273835419757
-0.463224113032652	-0.664712401598008
-0.561071768293391	1.60841061281969
0.525526543703319	1.53938915484237
0.430044765796264	0.544881360453821
-0.619156232711245	0.287372846961272
-0.620159307309348	-0.147134747401111
0.168243110535247	0.0881056755585339
0.650006817197598	0.963184567252422
0.0757051323488888	-1.22410608760165
-1.07784860666552	-1.84319016624088
-1.0032194905736	-0.00586616783458882
-0.788788951921365	-0.953204770165874
0.414480633445351	0.00973565841184665
-0.303514544259322	-1.229377673096
-0.0804445652866878	0.224535464118625
-0.579076725066071	-1.41569005667379
-0.468880209360733	-1.02485724512425
-0.350399931063295	-1.24920533138607
-0.243876716887263	0.650381105788194
-0.316384187198573	0.763601130925013
-0.884891339990455	0.92102713107721
-1.17939833165475	-0.289281431636516
-1.27942055034425	-0.314178371805249
-0.666182592697493	-1.52442271106597
-1.06463293596502	-1.05344960383895
-0.370644415393596	-1.7862076525833
1.58411408988806	0.577025747156026
-0.387688302420392	-1.25655760938474
2.52051577604688	1.18079992104315
1.17368592045119	0.507998653732584
2.18236621964778	-0.58207058097207
-0.707390587458378	0.551342473559059
1.08328377190755	1.87430716167554
1.53339517549413	1.41788361725854
-0.139572576747307	0.503014478353521
-0.323629875718663	-0.132541487354797
1.10826948125703	-0.735669281494329
-0.314389643680454	0.512576942441196
-1.13251802482687	0.668076468284221
-0.726271321594854	-0.644559475055826
-0.862021883057392	-0.701497032039601
0.493623828113663	-1.03247034874825
-0.406221540768137	0.738325034701964
-0.0554123689653321	1.23928414963173
-0.338393402626747	0.626429722587935
-0.809242905070024	-0.275256971166178
-0.812842713040028	-1.30523125677088
-0.628469445190478	-0.556097786023364
-1.07092446635335	-0.73323139674932
-0.596330615248045	0.387725026913399
-0.0654337060423741	-0.115049063856952
-0.575594903897905	-0.516793506906647
-0.123577371667335	0.280284669995517
-0.716469493561955	-0.241226566181248
-0.0463358985725309	-0.350533346052033
1.24870637626778	0.225114422150529
4.22815678527077	0.61566666305255
-0.707999751528993	-0.163642872575507
0.393009788335355	0.783170097732737
0.216319215423883	-0.710401962232755
-0.029243376687049	0.547237128098334
-0.894915752246492	-0.181681252669993
-1.08933666286037	-0.58993304634895
-0.648220647165208	-0.648814135561128
0.0283598209449171	-0.384443667339599
-0.920944484713744	-0.755451319188663
-0.417355544072664	-1.05151722691235
0.871174422458922	0.678474683408372
0.529059213065757	0.889867150228478
-0.25448971710949	0.909870031223659
-0.245142563561296	1.28787752011241
-0.844332508080799	0.74766776523405
-0.640236841382434	0.444476949289673
-0.782438915447007	0.638519838644996
-1.15960951984286	0.697957145898196
-1.01443359446739	0.283539552466818
-1.2597972280284	0.375199345806484
-0.801213016066234	0.935283795993645
-0.682288167528153	-0.558594112995969
-1.11031268155826	-0.235504014841104
-0.903690148690376	-0.984013943229342
-0.841340888433877	-1.29069330071908
-0.822327110927394	-0.0779057644573006
0.678629727354239	0.84627690773583
-0.834264648613036	0.749013624757051
-1.10196532204882	-0.186995311182186
-1.10361812198942	-1.19028949361741
-0.866249161213548	0.635263041401999
1.07457682968927	0.731967983139066
1.10803680569626	1.35653393658333
0.724750234695613	-0.405935680869186
1.11435509775761	0.142666751406191
2.194679878021	1.52952650213613
1.49035592262513	1.00036026473387
2.20063032695939	1.84187024242593
2.2622792303253	1.83145144610035
1.10958074695133	1.14884294555424
2.23288674485176	-0.585564828768955
0.219660787746886	-0.600419169790372
-0.99828569276205	-1.50309351887198
1.15980800096864	0.638259288010285
-1.11636586415983	0.0808855531611333
-0.767903140868717	-0.735207872596478
0.389864613651788	0.33353161157117
-0.133838182580619	-0.385083522366341
-0.752467314341231	-0.309798274414
-0.341150145741939	0.172406043317333
0.282734974344768	-0.54985510097655
0.37554925449661	0.703083153331781
-0.424696041265685	0.586628973528192
-0.233229937505176	-0.755327410723855
0.152085654306258	-0.496527218926846
1.1726600668703	1.80949007241946
-0.189477842891007	1.94877526425394
0.337806797058117	1.93202965767775
-0.518795213729191	1.61906413641014
0.112624505346251	1.09467118751757
2.18874711529923	1.60408241183115
-0.438595617655207	0.608858650509703
-0.773350973970091	-0.72620216557636
0.809528205830707	1.39945852329049
-0.970452337372263	-0.46788713108924
0.22110338214169	-0.847681730249063
-0.921328221003858	-1.05481599063001
0.556741021492128	1.53432288876172
-0.159807182438821	-0.201670577794991
0.637426235523604	0.309055671909935
-0.395923950226663	0.0892397760370125
0.4146352397262	1.42006649058984
-0.185532373367183	-0.273402779915876
-1.31051595134653	1.07681335316814
1.4011984638552	1.4568773659792
1.32916288459461	-0.13351886342302
1.57011137432687	0.128336734224382
-0.713413175556825	-0.543863643327379
0.188633350508428	-0.711501721710889
-1.05912570611785	-1.71486773733504
-0.0480487514371895	-1.12870892772203
-0.592327537259682	-1.04482975480231
0.765601605095957	-1.33401471393955
-1.14949750695423	-0.273009024423094
1.59658191753345	0.373281543508046
-1.28792759747794	-0.393521529486254
-0.630487337079405	-0.0843677999273276
-1.18763931176248	-0.431515284632755
-0.85521153327186	-0.170098331318392
0.457916469629186	-0.215746379725576
0.790513541272041	0.204221088918071
-0.00267074056218668	0.685703165154365
-0.992227159945396	0.13888791439265
-0.869129743702055	-1.11470719267037
-0.238135102948898	0.0658318316840958
-0.0989742456890809	0.155086226039225
0.0519196923821031	1.13972475104326
-0.58958949035256	0.862393868196585
1.06475117184	0.259434254160192
-0.750848642733337	0.500910581627238
-0.313895603399324	0.94019081807539
0.299038007196002	1.47612425480295
0.949197041170543	1.24259875004594
-0.58901833692569	1.45395721556213
-0.257046501027356	1.40685350561293
-0.316218514564569	1.15453642755203
-0.817377174851505	-0.507658582010621
-1.12862583861802	-0.687865516844387
-0.427969638465904	0.168339984160833
2.71567133926719	0.513140466408245
0.430796886153	-1.41220307967784
-0.391722825056001	-1.4949728048413
-0.251624725701319	-1.55766113166496
0.176448721939919	0.59692860326881
-0.736261145278009	-0.479887952996813
2.99608404215478	1.96696667642035
1.73831130587031	1.40139084397201
0.659387232628217	1.09329361661458
1.75057044037543	0.863228201853775
1.48374769429263	-0.0321651796061082
0.165584848729586	0.620496458099138
0.0400564085422287	0.840212902790109
1.15942418650281	0.671171343182578
-0.036779363730832	-0.262004482478176
0.286810502390171	-1.86137114822943
-1.21219661762057	-1.59293273295913
-0.686341693224679	-1.64773280684781
-0.0923170678808024	0.466747524072518
-0.703194735621846	0.529081101723748
-0.567521322622639	-1.07445590411615
0.316751204122086	-0.261471070964542
-1.21966049310056	-0.601271629111479
0.632166909317588	0.0422657882687281
-1.14649931762982	-1.28963175455882
-0.454998359266843	0.526366794899175
-0.240308896787661	0.817512021806635
-0.151548972259572	0.436412190964047
0.460137066263846	1.37009090306094
0.388399435078276	0.629702350067462
0.723089262919097	-0.176187387374928
0.840082114452531	-0.588767757832091
-0.479218694977099	-0.625705433143764
-0.0143434375119703	-0.510365382805523
1.27849793513098	1.37832593767794
-0.417634053989224	-0.180241907003188
-0.971149509143558	0.502438161418514
2.79350903451606	1.55518975895573
-1.16008501484769	-0.679081975938544
0.435770076787094	0.403495233751268
-0.445915035543925	1.74632874278453
-1.28354836269017	2.05979126826145
-0.748013118667025	1.7608009817976
-0.0910391499851798	1.92986194221338
-0.645783443842519	2.03375934752008
0.418405910215294	1.69286285774939
-0.790058275636468	1.38045900109373
-1.01867821031731	0.247135088415268
-1.06154682618198	0.0274716934122399
1.6262570355219	1.50174348583577
0.89935134017506	1.38200496039709
0.836388032097493	-1.15745671668376
1.82891012884534	-1.201132169756
1.26987073273954	-0.355627662477889
-1.19894569237217	-1.10070414428694
0.790052826904393	0.0848793609514426
-0.0657436843345013	0.271158313934466
0.693886271712955	0.588832381566168
-0.580727392050443	0.551138996804099
-0.610620886989018	0.873241433669169
1.56161925095368	1.64819217479237
-0.495026104546318	-0.909328638701104
-0.0443707874404904	-0.121490751710809
-0.61677770335876	-0.16822024520768
-0.604845035246779	-1.35700887302718
0.451814587836646	0.207321946583514
-0.467836854927128	-0.937716796694729
0.262998689068183	-1.42275547803566
0.261022595105365	0.227003311378514
-0.608766221491461	1.26745544952555
-0.0789848386264101	0.504425562824788
-0.808882853021637	1.22376232747975
0.812491832016955	1.52741332486682
-1.01410014930929	-0.424620125217663
-0.983890519929229	-1.8072171708746
-1.14735326947607	-1.81267766404718
0.144568899183085	-1.15053128156854
-0.130358852631384	0.00749338448401334
1.22838020872135	-0.262790891601099
-0.934247800069776	-0.868241155074547
-1.30743879697744	-0.848962352394904
1.45189403665392	1.11593247475334
-0.500381445462274	-0.0284880204636436
0.506490778734071	0.330817776144184
0.827871239411838	0.354126426411253
0.0334913981021108	0.335179713584648
1.0329408545012	1.70479835119753
-0.370394354408728	-0.820079502498894
0.597855513314822	0.268691657846133
0.661107384902573	1.46847987678715
1.48912298902564	1.02941453547599
2.20795165203106	1.63349987510626
0.147581642796929	-0.57593708687094
-1.31312895295083	-1.91579324327648
0.395190361315518	-0.282011224022197
-0.164975647597816	-0.60681450584109
-1.11439286402112	-0.332453374308925
-1.03629394015289	-2.0860180846672
-0.995369337873248	-1.22426997181139
-0.61835047156206	-1.04363160480473
1.27268755837215	0.251122589932104
1.60766863791441	0.611574786611738
0.31693557604947	0.228872967646541
0.203789142290385	-0.588433588603254
1.0019193675788	-0.24755648603369
-0.607469985273995	0.314235634121673
-0.805878609242794	1.49646420321888
1.92696428111808	1.81427202952842
-1.09336665122912	-1.47471156395751
-1.23486439163685	0.735338130663525
-0.158383960153691	-0.11393180126416
1.44216361470473	1.72010048751526
-0.987077095377844	0.165882963536433
-0.306251779948479	0.94133054288442
-0.930247731613711	-1.38922909298892
0.457925893208743	0.410158346218416
-0.543119434603898	0.56154342501633
4.94539928606764	0.162627854777355
-0.123361152045515	0.580342268893663
-0.407367021170535	0.893429087686602
2.02421318938554	1.71406258660061
-0.283300879134319	0.558518721128794
-0.815707359166848	0.222664229646437
-1.05475859252673	0.0772903247415622
-1.2569949920521	-0.476177196171815
-0.239033305950015	-0.127685625659996
-0.541468985116085	-1.3384141830888
-0.9415913829781	-1.62231914550002
-0.290481300036306	-0.660177935507227
-0.808948422834111	-0.764386175816633
0.690782694831741	0.68430892224981
-1.25537379241398	-0.837298007100608
-0.231740134270913	0.0587605683449193
0.564034100409308	0.932474638376034
0.185920557349	-0.251108827618721
-0.6734761521647	-0.0102067151025997
0.0226923016483537	-0.288683773039948
0.696456361442017	0.170731927443729
-1.02984852359551	-0.586596361388602
-0.648603807172289	-0.918636716176961
0.85267461417191	-0.402959732595308
1.4710614157792	1.46998079610106
-0.821348116104423	-1.62698574508696
0.153500623164516	0.0710618022713816
-0.415879259628256	-0.17019951226685
-0.172446314791857	-0.301690278743492
-0.133609174682692	0.127720324493394
-0.897533537726142	1.37852035885729
-0.196936186479522	1.15523383501516
-0.838683878628187	-1.42017155721218
1.61639339878969	1.04048667534737
-0.161277129250991	0.794407204562741
-1.19901046500515	0.256168334782387
-0.203072240983054	0.746005143642344
1.68881168860814	0.754314706940149
1.26228022699442	0.691086600533799
1.55930240509586	0.889894823390999
0.91939767719833	0.223632855291072
0.289060078928128	0.476063627575829
0.111687244254799	1.06059670669706
0.231620568592595	1.75959418215793
0.566024347826926	1.31338424211896
-0.988517960876449	-1.28102687612651
1.79327890680396	0.106331003052602
1.1530832152717	1.1110160766824
-0.557599980933545	-0.821456789827894
-1.23519978616347	-0.814991654222621
0.891283414771931	1.0862127918129
1.0827267543125	0.850671634850614
0.497226100889549	1.21977663208899
1.13378843307299	-0.0427051754086028
-1.28637528279703	-0.0872109786920004
2.6486723742475	1.97673467306592
0.166608993284921	1.51349294862763
0.867615097817893	1.16250413961565
2.7657156023951	0.837749139754535
0.63576572299552	-0.00683914684202283
0.171212444831805	-0.0467176383155864
1.30803706671825	0.563344401937696
0.357104987156397	0.479387916128734
0.457172557877744	-0.187310775880046
-0.113789165355096	-0.244669797468626
-0.937288308282541	-0.609354567126589
1.83646910450407	0.215918400962185
1.09425791571991	-0.146813913802039
1.48003369792301	0.251198844666716
1.18523289950956	0.934134243279728
0.710633127580589	1.01041668658896
1.47557373065831	0.74817404082016
2.51636015600635	1.45993694243564
1.43542758690588	-0.403448159851496
-0.702766089458436	-1.56508807471023
-0.635549919025608	-1.40275156867129
-0.178712709667589	-0.441523313951374
-0.24651227374502	-0.225493281479426
-1.2272592581038	-0.301216585643947
-0.634051350580486	-0.453680178920889
-0.39967996060319	-0.875658021058134
0.431118300567948	0.151831259867515
-0.977291658641251	-0.320126036422544
-0.566312099217147	-1.04537123396057
1.22059831648574	-0.556397445584031
1.18816965762026	0.422906863886348
0.184000532322437	1.12065911115992
0.388870464623547	0.352046479915134
1.36015344629875	1.49695181840036
-0.481031314951812	0.657756747769972
-0.219428275693573	-0.826651970183722
-0.952602474921981	-0.950085316373348
-1.12475053062645	-1.22884482161534
7.19791694732237	-0.246749767143931
1.31081079152893	0.160144740461048
-0.732328796864563	-0.26067789462867
-0.523074502326922	1.08260730858834
0.473938314053958	0.461941209407436
-0.698572777865991	-0.772250206370252
-0.767305902695768	-1.11917175103029
1.72598536702353	1.75782691825073
-0.314695797513252	0.302016746223195
-1.31091411137407	0.67163552537368
0.599116766492406	-1.08775920467335
0.564266180095571	-0.207798850647381
-0.547154807615313	-0.93140149939149
-0.780019717145035	0.131785299558445
-0.542386879912814	0.102220317087622
-0.461959768305123	-0.653544968402947
-0.822795928029645	-1.79506572886485
0.582083075392717	1.28948518470661
-1.1355641905415	-0.621638833966034
1.03824738020042	1.75053199521267
-0.402450306741391	-0.513914783792639
-1.08466317371564	-1.93888194169137
-1.19016684968131	-1.2967220543836
-1.26817821376275	-0.960323808331251
-1.09270455261125	-1.40706943098412
1.72913917407427	0.889600175744399
3.42159026011714	0.975521764548849
1.39359085828573	1.03007013937963
0.837756484044612	1.0740302909116
-0.374026630480077	0.828778720166853
0.288301355955305	1.23088034931082
1.8877093972904	1.15110586594088
0.312140400563207	1.01217556366022
3.1502202649613	0.858392259187068
-0.281185077129058	1.70252585372743
-0.93035255281885	0.95818507509881
2.10536307476998	1.48652844549247
0.243291083860299	0.99043974814689
-0.438340673246497	1.92467118558403
-1.28060163465661	2.01725407183135
-0.803353424548326	0.772867899811481
-0.147053988895578	1.99966485417268
1.19747805303613	1.22740646583094
-1.05336744979397	0.166689028182581
-0.550916796839522	0.513149905320093
-1.14354995236177	-1.79101206898923
-0.0266768638010707	0.171007827426756
-0.982026470917784	0.0562359542729806
1.68939518121	1.11068355255165
-0.337783901421933	1.14618700152143
-0.954023648676617	0.790939563937513
-0.563355425696571	-0.18395163488063
0.422388067632779	0.251156199438965
-0.315545920481007	0.241477454718203
-0.513323411228039	0.936304941327804
-1.07044882319127	1.12997420522448
-1.2672517215678	0.596035710057381
-0.520367704094765	0.961150970789512
-0.589104397856982	0.93168707606671
-0.242746088944249	-0.08425812838895
-0.477298865893556	0.0586613124000204
-1.0288218276958	-0.572495886507088
-0.710122122970587	-1.1789693882938
-0.982428005680191	1.87439549471231
-0.62317122862422	1.04568653044892
-1.0551062103494	0.0318879141003809
-0.619939742748654	-0.0307490146217465
-1.00079158560376	-1.46759678484369
-1.00689932335114	-1.22214888818047
-0.472525149836573	-1.44568455713001
0.19276287778441	-0.434853414235605
0.813197132493446	0.636961896436662
0.632096755432145	1.79293661744276
1.0307058371501	0.743305953099905
0.582957356170746	0.968751476266266
-0.414583220718314	-1.25576813828161
-0.616712548084831	-1.1832478499542
-0.231640697990555	-0.658089232123709
-0.569320757019391	-1.75813793682804
0.256344843517985	-0.808086011013363
1.44991133117724	1.2645812405741
-1.17947374287097	-1.82851420077362
1.2357474059188	-1.00654716108145
-0.349425410051927	-1.57694961866483
-0.53501124395556	-0.888943547121103
-0.609229096098872	-0.835690787067567
-0.885664731472582	-0.712429611041336
-0.178237229810786	-1.46737802229112
-0.70187780140069	-1.15771999777115
-1.24140015795673	-0.679018228575039
-0.562831971431903	-0.87993195072607
-0.260843439869557	-0.438427883764016
-1.31563614320381	-0.973384322653884
0.984017567256982	-0.115759711327496
-0.0183684999819194	0.123264604271823
